Lockin-Channel(X)	Lockin-Channel(Y)
1	13
2	-5
3	0
4	0
5	8
6	3
7	0
8	0
9	0
10	15
11	18
12	20
13	5
14	-13
15	-8
16	-15
17	-8
18	-8
19	-5
20	-15
21	-25
22	-18
23	-20
24	-5
25	-5
26	-3
27	3
28	8
29	0
30	-3
31	-3
32	-18
33	-3
34	3
35	0
36	-8
37	-15
38	-15
39	-15
40	-5
41	0
42	0
43	-5
44	-5
45	-8
46	-3
47	3
48	-3
49	-8
50	-30
51	-30
52	-13
53	-18
54	-5
55	-5
56	-13
57	0
58	-3
59	-3
60	-3
61	-5
62	5
63	0
64	-5
65	-5
66	-5
67	-3
68	3
69	25
70	20
71	13
72	15
73	13
74	8
75	0
76	-3
77	3
78	25
79	20
80	0
81	-18
82	-15
83	-3
84	13
85	18
86	18
87	13
88	0
89	5
90	0
91	5
92	25
93	5
94	-3
95	-5
96	0
97	-5
98	-20
99	-18
100	-3
101	-8
102	3
103	5
104	15
105	25
106	20
107	0
108	0
109	5
110	0
111	0
112	0
113	8
114	-8
115	-25
116	-18
117	0
118	15
119	43
120	38
121	30
122	15
123	0
124	-3
125	-13
126	-18
127	-13
128	-3
129	-8
130	-13
131	-18
132	-8
133	-3
134	-3
135	-5
136	-13
137	-5
138	0
139	-5
140	-8
141	-13
142	-5
143	-8
144	-33
145	-33
146	-8
147	0
148	-8
149	-8
150	-3
151	0
152	13
153	13
154	8
155	0
156	-8
157	0
158	0
159	3
160	-5
161	-5
162	0
163	0
164	15
165	20
166	15
167	5
168	-15
169	-28
170	-18
171	-5
172	20
173	38
174	43
175	38
176	8
177	0
178	0
179	-8
180	-20
181	-13
182	-13
183	-8
184	-15
185	-15
186	-25
187	-33
188	-40
189	-30
190	-20
191	5
192	8
193	8
194	5
195	0
196	0
197	0
198	0
199	5
200	5
201	15
202	5
203	3
204	18
205	30
206	8
207	-5
208	5
209	5
210	0
211	0
212	0
213	5
214	30
215	30
216	13
217	15
218	20
219	13
220	3
221	0
222	-3
223	3
224	13
225	3
226	-13
227	-3
228	-8
229	-15
230	3
231	3
232	13
233	3
234	-3
235	0
236	-3
237	3
238	0
239	5
240	-5
241	-15
242	-3
243	0
244	8
245	0
246	-15
247	-28
248	-30
249	-18
250	-3
251	-3
252	-3
253	-3
254	-13
255	-33
256	-28
257	-8
258	-18
259	-15
260	5
261	5
262	0
263	-5
264	0
265	0
266	18
267	20
268	15
269	5
270	13
271	13
272	25
273	25
274	25
275	20
276	20
277	18
278	8
279	20
280	40
281	38
282	13
283	-3
284	-13
285	-13
286	-13
287	-8
288	-20
289	-20
290	-15
291	0
292	5
293	-8
294	-28
295	-33
296	-30
297	-33
298	-28
299	-5
300	-8
301	-28
302	-13
303	3
304	18
305	8
306	8
307	3
308	-5
309	-3
310	15
311	25
312	30
313	15
314	0
315	-5
316	-5
317	-5
318	0
319	8
320	8
321	20
322	25
323	20
324	15
325	25
326	25
327	20
328	8
329	20
330	5
331	13
332	8
333	18
334	15
335	-3
336	-20
337	-18
338	-15
339	-30
340	-18
341	-20
342	-28
343	-20
344	-8
345	0
346	5
347	-3
348	5
349	15
350	28
351	28
352	15
353	15
354	8
355	13
356	0
357	-13
358	-8
359	-13
360	-5
361	-15
362	0
363	13
364	3
365	-8
366	0
367	0
368	13
369	15
370	5
371	0
372	3
373	-3
374	0
375	5
376	5
377	5
378	13
379	5
380	3
381	20
382	13
383	-3
384	-8
385	-8
386	8
387	13
388	28
389	15
390	0
391	-8
392	-8
393	-8
394	0
395	3
396	-3
397	-15
398	-30
399	-38
400	-20
401	-5
402	-13
403	-8
404	-8
405	-15
406	-8
407	-13
408	0
409	3
410	3
411	5
412	0
413	-3
414	-15
415	-20
416	-15
417	-13
418	-15
419	-25
420	-25
421	-18
422	-15
423	0
424	5
425	-5
426	-18
427	-8
428	0
429	-5
430	0
431	13
432	0
433	5
434	3
435	-8
436	-28
437	-33
438	-20
439	-15
440	-15
441	-13
442	-13
443	-8
444	0
445	0
446	3
447	18
448	25
449	15
450	5
451	-13
452	-28
453	-15
454	0
455	0
456	3
457	0
458	5
459	8
460	18
461	8
462	-20
463	-13
464	0
465	-5
466	13
467	8
468	15
469	5
470	13
471	15
472	-3
473	3
474	20
475	5
476	5
477	15
478	13
479	0
480	8
481	13
482	15
483	18
484	38
485	40
486	28
487	18
488	15
489	15
490	5
491	-3
492	-8
493	-18
494	-13
495	-8
496	-13
497	-5
498	5
499	15
500	5
501	13
502	-5
503	-25
504	28
505	18
506	5
507	13
508	25
509	30
510	30
511	38
512	15
513	8
514	0
515	13
516	18
517	13
518	5
519	25
520	8
521	25
522	20
523	13
524	3
525	5
526	20
527	13
528	8
529	15
530	25
531	33
532	15
533	5
534	15
535	15
536	8
537	15
538	15
539	18
540	33
541	33
542	38
543	20
544	8
545	20
546	15
547	28
548	15
549	5
550	8
551	0
552	-5
553	5
554	13
555	8
556	-3
557	-3
558	15
559	28
560	30
561	28
562	25
563	13
564	5
565	5
566	3
567	5
568	28
569	33
570	20
571	18
572	18
573	-5
574	-3
575	0
576	0
577	13
578	25
579	33
580	38
581	8
582	5
583	8
584	5
585	18
586	25
587	25
588	40
589	38
590	40
591	25
592	18
593	25
594	30
595	38
596	40
597	40
598	55
599	65
600	63
601	50
602	43
603	30
604	25
605	40
606	53
607	55
608	65
609	63
610	40
611	18
612	13
613	28
614	33
615	25
616	20
617	25
618	33
619	30
620	38
621	50
622	43
623	40
624	40
625	25
626	20
627	40
628	45
629	40
630	30
631	38
632	40
633	50
634	33
635	18
636	3
637	8
638	25
639	43
640	68
641	63
642	50
643	55
644	45
645	40
646	43
647	53
648	65
649	58
650	33
651	25
652	18
653	40
654	58
655	65
656	58
657	53
658	63
659	50
660	40
661	40
662	55
663	53
664	55
665	68
666	63
667	63
668	88
669	70
670	83
671	70
672	83
673	80
674	75
675	68
676	68
677	78
678	93
679	90
680	90
681	90
682	80
683	80
684	75
685	68
686	75
687	78
688	88
689	88
690	100
691	105
692	93
693	83
694	75
695	75
696	75
697	75
698	75
699	78
700	83
701	88
702	95
703	90
704	93
705	90
706	100
707	103
708	95
709	93
710	88
711	88
712	88
713	80
714	78
715	63
716	65
717	75
718	75
719	50
720	55
721	55
722	53
723	53
724	138
725	138
726	140
727	130
728	138
729	130
730	113
731	130
732	125
733	130
734	140
735	128
736	108
737	115
738	105
739	118
740	128
741	155
742	138
743	140
744	138
745	138
746	130
747	120
748	133
749	155
750	168
751	178
752	165
753	158
754	145
755	150
756	128
757	118
758	128
759	140
760	150
761	153
762	145
763	153
764	133
765	120
766	138
767	153
768	163
769	155
770	133
771	133
772	140
773	145
774	163
775	158
776	153
777	138
778	130
779	133
780	158
781	178
782	183
783	188
784	165
785	155
786	145
787	143
788	253
789	253
790	245
791	230
792	230
793	238
794	220
795	218
796	230
797	225
798	215
799	220
800	215
801	225
802	238
803	233
804	233
805	230
806	238
807	233
808	245
809	243
810	243
811	243
812	225
813	218
814	225
815	230
816	228
817	225
818	218
819	225
820	220
821	233
822	240
823	263
824	270
825	268
826	245
827	230
828	218
829	238
830	253
831	265
832	263
833	268
834	263
835	265
836	278
837	275
838	268
839	263
840	275
841	270
842	255
843	263
844	263
845	250
846	240
847	245
848	243
849	255
850	240
851	230
852	230
853	230
854	240
855	228
856	233
857	230
858	245
859	258
860	258
861	268
862	243
863	225
864	215
865	225
866	225
867	225
868	225
869	215
870	218
871	228
872	215
873	220
874	230
875	233
876	245
877	265
878	255
879	245
880	250
881	243
882	245
883	250
884	265
885	268
886	270
887	253
888	255
889	265
890	268
891	370
892	380
893	368
894	353
895	370
896	365
897	353
898	355
899	368
900	353
901	343
902	330
903	333
904	333
905	343
906	330
907	330
908	350
909	340
910	320
911	338
912	340
913	340
914	350
915	355
916	370
917	365
918	368
919	368
920	365
921	353
922	355
923	358
924	350
925	353
926	365
927	353
928	340
929	305
930	303
931	333
932	358
933	353
934	365
935	350
936	328
937	328
938	333
939	330
940	350
941	353
942	365
943	358
944	355
945	363
946	350
947	340
948	353
949	368
950	363
951	353
952	355
953	365
954	363
955	355
956	363
957	380
958	388
959	383
960	380
961	368
962	368
963	363
964	338
965	330
966	325
967	320
968	325
969	340
970	328
971	345
972	358
973	363
974	340
975	340
976	343
977	333
978	338
979	363
980	365
981	370
982	358
983	363
